chr6	155600001	155640000	5.86491793971824
chr18	52360001	52400000	78.3850160391454
chr6	15640001	15680000	3.0594469103665
chr11	6240001	6280000	7.23240152763824
chr16	56880001	56920000	6.58780599122964
chr11	119160001	119200000	3.28761912230736
chr6	158400001	158440000	28.3668194861962
chr16	55400001	55440000	8.32307878828669
chr16	55520001	55560000	85.1769264716479
chr16	56200001	56240000	20.6256289393598
chr18	54280001	54320000	14.7258989823496
chr22	38000001	38040000	7.36742569690809
chr22	38240001	38280000	5.12444629433539
chr22	38440001	38480000	24.0201046015335
chr22	38880001	38920000	63.4422731800252
chr22	38960001	39000000	25.2453256070941
chr22	39080001	39120000	48.7760782802269
chr22	39520001	39560000	3.97547739010707
chr22	39760001	39800000	5.05875195688284
chr18	51760001	51800000	3.58815007799127
chr16	56560001	56600000	4.18971014009512
chr16	56760001	56800000	5.85553788284962
chr16	52560001	52600000	4.7852981153002
chr16	53440001	53480000	13.2467173745694
chr16	53720001	53760000	40.7145592685759
chr16	55680001	55720000	61.0612310273048
chr11	6280001	6320000	4.72136413166596
chr11	6480001	6520000	5.78448113703472
chr11	118640001	118680000	8.35348805676232
chr6	42720001	42760000	7.69359770648388
chr6	43160001	43200000	24.6844108260085
chr3	179720001	179760000	5.74371652508275
chr3	179720001	179760000	3.37440565786977
chr1	163000001	163040000	5.73366362413661
chr11	118280001	118320000	3.04016957706088
chr11	118440001	118480000	49.4315699205569
chr6	158560001	158600000	3.67229928264695
chr6	43520001	43560000	8.46896224358236
chr6	42920001	42960000	3.21520032772222
chr6	42960001	43000000	5.30215958675908
chr16	56640001	56680000	3.55980557386156
chr22	37920001	37960000	4.79824029558377
chr22	39320001	39360000	6.33335418346353
chr6	158240001	158280000	5.32544030730089
chr11	8600001	8640000	15.2839093886464
chr11	6600001	6640000	3.13947597552616
chr18	51720001	51760000	7.68834932262176
chr6	16200001	16240000	7.03059825370565
chr6	43480001	43520000	14.893891072077
chr6	43440001	43480000	7.72601775208699
chr1	166800001	166840000	4.73845332625096
chr1	167520001	167560000	3.51733275527952
chr1	167040001	167080000	5.82060621506457
chr1	165400001	165440000	4.17759390876871
chr1	167160001	167200000	3.71138484209366
chr1	165600001	165640000	11.1967419133025
chr1	165560001	165600000	20.7020800216187
chr1	163200001	163240000	7.43058219491313
chr1	163280001	163320000	23.0605602255517
chr3	180560001	180600000	11.2454691919012
chr3	180560001	180600000	3.44571780003328
chr5	72760001	72800000	3.9716736152759
chr11	7040001	7080000	23.1303594729746
chr1	162440001	162480000	6.96699022789283
chr5	75000001	75040000	3.72897084234657
chr5	72400001	72440000	5.95656423220781
chr16	55320001	55360000	16.5093842517874
chr16	55960001	56000000	45.0171772918193
chr16	56440001	56480000	12.0733503626773
chr11	118120001	118160000	3.22795054625172
chr11	118720001	118760000	3.33665032627624
chr1	162600001	162640000	5.31562337293033
chr1	165320001	165360000	201.341622423207
chr1	165480001	165520000	17.9374334325595
chr3	180320001	180360000	8.90458060879887
chr3	180280001	180320000	3.02404721284856
chr3	180280001	180320000	8.32307047255757
chr5	75920001	75960000	4.36679098660331
chr5	72440001	72480000	4.42711202497394
chr5	72840001	72880000	39.4278946625733
chr5	74040001	74080000	11.7418830330369
chr11	6400001	6440000	4.92859376886179
chr11	6440001	6480000	5.58283765454518
chr11	6640001	6680000	13.5704471537689
chr11	7520001	7560000	6.21202682230592
chr11	7680001	7720000	3.26886381363159
chr11	8000001	8040000	48.0526702075115
chr11	8160001	8200000	19.4116028982234
chr11	8680001	8720000	5.98550382273767
chr11	8920001	8960000	3.77118915498864
chr16	53520001	53560000	23.8124392356743
chr16	56480001	56520000	9.63581122405873
chr11	118240001	118280000	12.0295991425538
chr22	38840001	38880000	14.6454348310644
chr16	56680001	56720000	5.27467367170597
chr11	7960001	8000000	6.45579015063382
chr11	7240001	7280000	3.55980525863723
chr11	7080001	7120000	6.92244133778449
chr11	6880001	6920000	3.26558408681545
chr6	43400001	43440000	24.7176656997319
chr6	43400001	43440000	3.07869030184131
chr6	42880001	42920000	6.15262374312119
chr5	73920001	73960000	12.3276149558595
chr18	51880001	51920000	22.2405037921895
chr6	157800001	157840000	4.14314078042744
chr11	9000001	9040000	3.59402630449172
chr11	9120001	9160000	3.10590163766345
chr11	7920001	7960000	7.80536967674091
chr16	54960001	55000000	21.4589089876902
chr5	74320001	74360000	3.46852938572573
chr16	53080001	53120000	4.75903313133208
chr16	54280001	54320000	23.2454338070966
chr16	54320001	54360000	34.4714023277893
chr22	39360001	39400000	4.20961348895105
chr11	6040001	6080000	5.86301386531485
chr11	5800001	5840000	4.38551904171832
chr3	181400001	181440000	138.377349310895
chr3	181400001	181440000	15.08849924771
chr11	7840001	7880000	5.32231696117217
chr11	5320001	5360000	7.18815063082637
chr22	38600001	38640000	8.08125932326993
chr22	39040001	39080000	31.1773671342245
chr22	38560001	38600000	174.079701112247
chr1	164520001	164560000	7.8099104534759
chr1	162800001	162840000	11.4540357526833
chr11	118760001	118800000	4.44543694959227
chr11	5600001	5640000	4.67685767363612
chr11	6760001	6800000	6.4763041171382
chr11	118960001	119000000	3.12582745904381
chr1	166120001	166160000	13.7614375692135
chr5	74880001	74920000	4.60654975113729
chr1	162360001	162400000	4.85993464751002
chr1	167560001	167600000	3.62967791614129
chr5	74160001	74200000	9.48481283118122
chr22	38640001	38680000	56.5386649271551
chr1	167480001	167520000	3.84693368119077
chr16	55840001	55880000	31.0624858190599
chr3	180680001	180720000	4.21073490051015
chr3	180680001	180720000	5.87113727881677
chr22	38760001	38800000	119.536593215317
chr6	157720001	157760000	24.5789101278733
chr22	39200001	39240000	5.72666138322356
chr6	17080001	17120000	48.6053215995908
chr1	162320001	162360000	15.3087181241136
chr11	5360001	5400000	3.35228351417828
chr5	72720001	72760000	3.65360281583887
chr16	55560001	55600000	150.949444705136
chr16	55600001	55640000	22.9133038993102
chr3	182000001	182040000	50.7110419905603
chr3	180880001	180920000	67.5677988553035
chr3	181120001	181160000	64.268566851307
chr3	181320001	181360000	79.8821058888333
chr18	53680001	53720000	6.46118279778832
chr3	181440001	181480000	148.84108443635
chr3	181720001	181760000	106.310046572236
chr18	54040001	54080000	15.210174008931
chr6	16400001	16440000	45.5592959974021
chr6	16480001	16520000	149.082227956402
chr22	38680001	38720000	218.527202609025
chr1	165120001	165160000	70.1006255621282
chr1	165160001	165200000	46.1311216697496
chr1	165200001	165240000	138.122553436693
chr1	165240001	165280000	177.866299219372
chr1	165280001	165320000	88.4127152341831
chr1	165360001	165400000	42.0897753406208
chr1	165440001	165480000	12.0112754720475
chr1	165520001	165560000	54.5137044355238
chr1	165680001	165720000	6.58898418102743
chr1	165800001	165840000	4.53179760631647
chr1	166280001	166320000	6.1125822284239
chr1	162200001	162240000	5.212851578609
chr1	162680001	162720000	5.14541785898715
chr1	162840001	162880000	13.3390666332307
chr1	162920001	162960000	10.8299231925603
chr1	162960001	163000000	11.3478834831194
chr1	163160001	163200000	25.9308030758577
chr1	163240001	163280000	12.3118295239166
chr1	163320001	163360000	28.0962064832241
chr1	163360001	163400000	64.0704816066941
chr1	163400001	163440000	128.317867022643
chr1	163440001	163480000	86.7664972543668
chr1	163480001	163520000	78.9277512055915
chr1	163520001	163560000	40.2697208447051
chr1	163560001	163600000	51.5954662895442
chr1	163600001	163640000	58.5856312431052
chr1	163640001	163680000	53.2727604953868
chr1	163680001	163720000	9.60731799235416
chr1	163720001	163760000	41.8991000074055
chr1	163800001	163840000	45.5132385066389
chr1	163840001	163880000	37.5823398489402
chr1	163880001	163920000	16.6305781799511
chr1	163920001	163960000	78.0175657561703
chr1	163960001	164000000	13.6954941774025
chr1	164080001	164120000	27.6067628883654
chr1	164160001	164200000	11.6034911757649
chr1	164200001	164240000	28.7167824715274
chr1	164240001	164280000	27.2935768528596
chr1	164280001	164320000	51.3761915536569
chr1	164320001	164360000	18.0270337894672
chr1	164440001	164480000	30.4734768326639
chr18	52400001	52440000	121.083886197717
chr1	164760001	164800000	18.8445925983264
chr1	164800001	164840000	8.46407490222567
chr3	181920001	181960000	20.130352906103
chr3	182040001	182080000	7.33225462723065
chr3	182080001	182120000	6.69748487080098
chr3	182160001	182200000	26.6297079072304
chr3	182200001	182240000	45.8847447233877
chr3	182240001	182280000	12.3057516832895
chr3	182280001	182320000	4.25322681793709
chr3	182320001	182360000	79.6078407089485
chr3	182360001	182400000	36.8414701558213
chr3	182400001	182440000	25.5685931302317
chr3	182160001	182200000	15.1370198917981
chr3	182200001	182240000	26.0795923874081
chr3	182240001	182280000	3.42595298214467
chr3	182320001	182360000	10.0268249309924
chr11	8080001	8120000	30.8069717366182
chr3	180360001	180400000	10.5305302734441
chr3	180400001	180440000	21.5120567333649
chr3	180440001	180480000	6.62581330139347
chr3	180520001	180560000	12.8972669195788
chr3	180600001	180640000	5.50601874076939
chr3	180640001	180680000	6.41621809826326
chr3	180720001	180760000	12.4386500419799
chr3	180760001	180800000	12.1251777801601
chr3	180800001	180840000	4.30788592094064
chr3	180840001	180880000	17.752713068374
chr3	180920001	180960000	67.0277857719577
chr3	180960001	181000000	49.6583399778424
chr3	181000001	181040000	41.6042765444901
chr3	181040001	181080000	54.0724933124794
chr3	181080001	181120000	27.8220458548322
chr3	181160001	181200000	31.3424260770183
chr3	181200001	181240000	14.0818898400922
chr3	181240001	181280000	31.7265574773539
chr3	181280001	181320000	14.2534531357228
chr3	181360001	181400000	48.7694688259271
chr3	181480001	181520000	33.0168156282007
chr3	181520001	181560000	18.5492157456688
chr3	181560001	181600000	7.85663727867635
chr3	181600001	181640000	33.7643720807491
chr3	181640001	181680000	70.1658379788574
chr3	181680001	181720000	45.8920059548629
chr3	181760001	181800000	31.1984458566717
chr3	181800001	181840000	29.5161797155599
chr3	181840001	181880000	44.2260182395417
chr3	181880001	181920000	16.0768114896174
chr3	180400001	180440000	10.6619409281784
chr3	180640001	180680000	3.12224262620791
chr3	180760001	180800000	6.52608405672871
chr3	180840001	180880000	7.96117446095849
chr3	180880001	180920000	19.532386567498
chr3	180920001	180960000	12.5492438948147
chr3	180960001	181000000	14.1078603555125
chr3	181000001	181040000	9.82360310520022
chr3	181040001	181080000	13.0215759171941
chr3	181080001	181120000	8.143792999264
chr3	181120001	181160000	12.2892304132955
chr3	181160001	181200000	4.24567345602009
chr3	181240001	181280000	5.39812570925938
chr3	181280001	181320000	4.69761473378034
chr3	181320001	181360000	13.3743756276988
chr3	181440001	181480000	19.3629518942492
chr3	181680001	181720000	3.99730317025567
chr3	181720001	181760000	9.98895170013973
chr3	182000001	182040000	11.8536889787736
chr16	55880001	55920000	21.8127464242158
chr18	52320001	52360000	116.160202225973
chr5	72960001	73000000	258.177854617036
chr5	73000001	73040000	107.310200195002
chr5	73040001	73080000	123.561631720312
chr5	73080001	73120000	84.320767125403
chr5	73120001	73160000	32.8059337814348
chr5	73200001	73240000	13.9317454731873
chr5	73520001	73560000	18.100366273418
chr5	73560001	73600000	22.0566606805893
chr5	73880001	73920000	25.0858145611441
chr5	74000001	74040000	16.0252293736341
chr5	74120001	74160000	7.64946590686438
chr5	74240001	74280000	10.9622106790959
chr5	74360001	74400000	11.594457628199
chr1	163080001	163120000	6.03068046325167
chr1	163760001	163800000	7.6125961127151
chr1	164000001	164040000	3.97996497513451
chr5	72800001	72840000	21.2043629775845
chr5	72880001	72920000	79.9342246540961
chr6	16880001	16920000	62.7863072323606
chr6	16920001	16960000	195.431232535852
chr6	16960001	17000000	119.560820678682
chr6	17000001	17040000	93.9506183721933
chr6	16440001	16480000	44.368538473982
chr6	16560001	16600000	35.357138464847
chr6	43280001	43320000	65.9657498611024
chr6	157760001	157800000	4.17796504182602
chr6	158080001	158120000	16.1008999625612
chr6	158280001	158320000	76.3332208661055
chr6	158360001	158400000	59.9406373050901
chr6	158440001	158480000	86.3178035517041
chr3	179640001	179680000	9.33666673187512
chr11	8120001	8160000	43.3936675495225
chr11	8200001	8240000	10.7729343479301
chr3	179920001	179960000	9.16259756547767
chr3	180160001	180200000	3.91349246312632
chr3	180200001	180240000	5.1753278327336
chr3	180240001	180280000	3.97247344817745
chr11	7880001	7920000	13.6272148074478
chr16	56360001	56400000	22.5642323746443
chr16	53480001	53520000	27.6181035314261
chr16	53800001	53840000	65.7854804049483
chr5	73240001	73280000	7.28004655960067
chr5	73360001	73400000	7.87465538776842
chr5	73480001	73520000	3.13975179684119
chr5	73600001	73640000	7.66473852908309
chr5	73680001	73720000	7.67507912788161
chr16	55640001	55680000	46.9313748693109
chr5	74640001	74680000	6.77037804684907
chr16	55720001	55760000	62.7888669055158
chr16	55760001	55800000	37.7100342130624
chr5	75760001	75800000	5.32903935595259
chr16	55920001	55960000	21.3980228582465
chr16	56000001	56040000	12.9724534751521
chr16	56040001	56080000	13.3671549517256
chr16	56080001	56120000	31.8778680388057
chr16	56120001	56160000	22.2638629565949
chr16	56160001	56200000	13.2284818207047
chr16	56240001	56280000	26.0826663517205
chr16	56280001	56320000	16.9508180407796
chr16	56320001	56360000	22.1650235262344
chr16	56400001	56440000	18.8104810524436
chr16	53640001	53680000	32.3927075727582
chr16	53680001	53720000	49.2896186674664
chr16	53760001	53800000	81.2719217373517
chr16	53840001	53880000	44.4031602070816
chr16	53880001	53920000	54.4274591216592
chr16	53960001	54000000	101.262378683242
chr16	54240001	54280000	24.0767213635712
chr16	54360001	54400000	21.5555239357812
chr16	54480001	54520000	14.1680097401066
chr16	55280001	55320000	3.37754163852768
chr16	55440001	55480000	19.3621247801181
chr18	52640001	52680000	68.0640529692332
chr18	52680001	52720000	34.9525973948202
chr18	52800001	52840000	21.828631657889
chr18	52840001	52880000	9.35321929728427
chr18	53560001	53600000	6.56097315715718
chr18	53600001	53640000	5.59006467985393
chr18	53720001	53760000	6.20100743912549
chr18	53840001	53880000	6.26063251048966
chr18	53880001	53920000	8.9641837716565
chr18	53920001	53960000	10.1825082750481
chr18	53960001	54000000	4.19031587276771
chr18	54080001	54120000	7.81378808088162
chr18	54120001	54160000	18.1226946096929
chr18	54200001	54240000	20.3021501816692
chr18	54240001	54280000	16.5323766536849
chr18	50960001	51000000	6.42798575584105
chr18	51040001	51080000	5.1803998730196
chr18	51280001	51320000	4.4995853966535
chr18	51320001	51360000	4.77223357820586
chr18	51520001	51560000	4.55272813638096
chr18	51640001	51680000	6.45348053241478
chr18	51680001	51720000	5.16635466003831
chr18	51840001	51880000	25.7265919556104
chr18	51920001	51960000	32.7252954687164
chr18	51960001	52000000	73.962724933873
chr18	52000001	52040000	49.3307551048275
chr18	52280001	52320000	19.228823713556
chr18	52480001	52520000	75.3696576700879
chr18	52520001	52560000	215.594746212651
chr18	52560001	52600000	70.5086156113697
chr6	16800001	16840000	22.4329402097524
chr6	16840001	16880000	67.6690785612916
chr22	38520001	38560000	32.7886097777752
chr6	17480001	17520000	5.1759060068311
chr22	38920001	38960000	105.658943545385
chr22	39000001	39040000	32.2085918394871
chr22	39120001	39160000	11.0298323188322
chr6	158520001	158560000	18.9861124634241
chr6	158160001	158200000	15.8701902745223
chr6	16240001	16280000	25.9022739331071
chr6	16320001	16360000	24.4065439045251
chr6	16360001	16400000	33.1006068916726
chr6	16640001	16680000	11.77168717637
chr22	38720001	38760000	107.594804465078
chr1	166520001	166560000	5.03327787441654
chr1	163040001	163080000	5.97771559262957
chr22	41160001	41200000	4.84746338355325
chr11	8480001	8520000	4.32855379523197
chr1	165840001	165880000	6.30047514818131
chr1	165920001	165960000	5.0504117758459
chr1	166080001	166120000	3.72612846363707
chr1	166240001	166280000	3.19153413118149
chr1	166320001	166360000	5.00089870277254
chr1	166400001	166440000	8.55768990545877
chr1	166440001	166480000	6.32848180365162
chr1	166480001	166520000	7.43979174676162
chr1	166560001	166600000	3.99656316516052
chr1	166680001	166720000	4.76275091800343
chr1	166760001	166800000	6.15112979062795
chr1	166880001	166920000	9.62905689980678
chr1	167000001	167040000	3.53813681298788
chr1	162880001	162920000	7.60117926716259
chr1	164040001	164080000	12.4359683268023
chr1	164120001	164160000	5.96324418784881
chr1	164360001	164400000	9.30917739269173
chr1	164400001	164440000	5.61055765042266
chr11	118800001	118840000	4.92339159264485
chr1	164480001	164520000	5.98786327083614
chr1	164960001	165000000	3.46555694287939
chr1	165000001	165040000	6.55909831359219
chr11	6520001	6560000	4.05100611388671
chr11	6720001	6760000	7.00710929485115
chr11	6960001	7000000	3.72484534228992
chr11	7000001	7040000	5.1848162172051
chr3	184880001	184920000	3.07165567205532
chr3	179520001	179560000	4.96309018143843
chr3	179680001	179720000	5.62885323266526
chr3	179760001	179800000	4.71811751950733
chr3	179920001	179960000	13.5113457983787
chr3	180040001	180080000	9.0294644744909
chr3	180160001	180200000	6.46439299678461
chr3	180200001	180240000	12.249977314517
chr3	180240001	180280000	5.08578709785819
chr3	180040001	180080000	4.72588488926426
chr3	180440001	180480000	3.36476171902991
chr16	52480001	52520000	3.19215830056355
chr16	52720001	52760000	8.16441652541662
chr16	52920001	52960000	7.44377845444346
chr16	53000001	53040000	6.61888040481796
chr16	53040001	53080000	3.32428140083197
chr16	53360001	53400000	5.27657905649242
chr16	53920001	53960000	27.6459857322548
chr16	54040001	54080000	31.3383532106815
chr16	54080001	54120000	34.734579539648
chr16	54160001	54200000	31.2466634942613
chr16	54200001	54240000	27.188006316297
chr16	54400001	54440000	12.090748190392
chr16	54600001	54640000	3.50961727176483
chr16	55080001	55120000	5.76419868979724
chr5	73160001	73200000	22.0018297970201
chr5	73400001	73440000	8.13265179745352
chr5	73640001	73680000	6.49959678481177
chr5	73720001	73760000	17.3689618972011
chr5	73760001	73800000	6.61909769443962
chr5	73800001	73840000	14.7177085479966
chr5	73840001	73880000	6.38827531159674
chr5	73960001	74000000	12.6282357922463
chr5	74560001	74600000	5.31173185156913
chr5	75560001	75600000	7.27594452930737
chr5	75600001	75640000	4.92855913598106
chr18	52440001	52480000	25.5546935227866
chr22	40680001	40720000	9.98902029401233
chr5	72640001	72680000	3.25079698843751
chr6	17040001	17080000	9.5708926981637
chr6	43280001	43320000	9.2305621132698
chr6	16520001	16560000	8.57867154265861
chr6	158200001	158240000	15.5954733047104
chr6	158320001	158360000	16.9993347363536
chr16	53560001	53600000	109.247644887154
chr11	8520001	8560000	16.4700612130652
chr11	8560001	8600000	21.8722232135441
chr11	8640001	8680000	12.1392799823452
chr11	5280001	5320000	6.36955066505187
chr11	7560001	7600000	5.04356948656376
chr1	162120001	162160000	6.93848607560649
chr3	179880001	179920000	6.05876756942853
chr16	54760001	54800000	10.2876713404274
chr18	53080001	53120000	5.90690871443421
chr3	179640001	179680000	3.98437119951084
chr18	53760001	53800000	6.78607974429564
chr16	52640001	52680000	6.58746906392714
chr16	52840001	52880000	10.3993581214649
chr16	52880001	52920000	5.73806491172081
chr3	180360001	180400000	3.15453786366462
chr16	53280001	53320000	10.3636047897722
chr16	53320001	53360000	8.91858607667566
chr18	54480001	54520000	6.91721606537016
chr16	54000001	54040000	27.9487988392943
chr16	54120001	54160000	7.83565844791767
chr16	54440001	54480000	12.5822445718657
chr16	54520001	54560000	18.1417672159883
chr16	54560001	54600000	13.2979425655438
chr16	54640001	54680000	10.3863614247725
chr16	54680001	54720000	13.6734572838952
chr16	54720001	54760000	9.89026186991704
chr16	54800001	54840000	9.44199983493852
chr16	54840001	54880000	11.4080997907285
chr16	54920001	54960000	17.661719052621
chr16	55040001	55080000	7.33607539049052
chr18	52960001	53000000	4.00884501260989
chr18	54360001	54400000	4.09941610597704
chr5	74840001	74880000	3.36173533634806
chr22	38800001	38840000	38.3988710475711
chr22	39280001	39320000	14.0117576941087
chr22	40560001	40600000	4.63575321110101
chr22	38400001	38440000	3.277258997597
chr18	54440001	54480000	13.8953312877742
chr11	9080001	9120000	10.7234269939117
chr5	72360001	72400000	8.01379756447719
chr5	72600001	72640000	4.18256414486271
chr5	75120001	75160000	3.53763420098899
chr6	17160001	17200000	4.53187016672002
chr6	16600001	16640000	4.23340135326941
chr6	16680001	16720000	4.0824687591304
chr22	36320001	36360000	3.17223642184491
chr11	8760001	8800000	6.13860515928352
chr11	8800001	8840000	6.32172578675462
chr11	8840001	8880000	6.58540799633119
chr11	9040001	9080000	3.18691650006759
chr18	54680001	54720000	4.93200497279381
chr11	119120001	119160000	3.71804876358998
chr18	54320001	54360000	4.3322182285748
chr18	54520001	54560000	6.11798131401274
chr18	54880001	54920000	4.73326066847729
chr1	166360001	166400000	6.2674080380229
chr1	166600001	166640000	3.12200432959013
chr1	166640001	166680000	4.06304926756127
chr1	167080001	167120000	5.41460176827209
chr1	167120001	167160000	3.68251938623746
chr1	167240001	167280000	4.28398504749478
chr1	162080001	162120000	3.67087722702354
chr1	162160001	162200000	7.55013206761391
chr1	162280001	162320000	5.212851578609
chr22	40240001	40280000	8.46131443970928
chr1	164680001	164720000	8.33732903590185
chr3	179800001	179840000	3.29240410761767
chr3	179960001	180000000	3.01433641287471
chr3	180000001	180040000	5.100017515158
chr3	180120001	180160000	11.9690640627172
chr16	56800001	56840000	6.14077323097454
chr16	53400001	53440000	6.39630125409095
chr6	16160001	16200000	3.15091316071478
chr3	179880001	179920000	6.47352115038531
chr3	180120001	180160000	4.96359868986039
chr18	54000001	54040000	6.35082038548991
chr18	54160001	54200000	10.3711204411444
chr6	43280001	43320000	4.22266439628127
chr1	167840001	167880000	3.37857028057616
chr5	71680001	71720000	3.45809677842788
chr3	180000001	180040000	4.44099795997022
chr6	17120001	17160000	11.107899606755
chr6	18200001	18240000	5.59338148331315
chr5	75480001	75520000	7.43359432973332
chr6	14000001	14040000	3.08929349240421
chr6	14200001	14240000	8.97671666744835
chr11	116200001	116240000	3.4087422305709
chr11	6560001	6600000	6.58112654637752
chr18	54640001	54680000	9.7854552295857
chr18	55040001	55080000	4.4898844029214
chr22	40480001	40520000	6.79426365343386
chr1	164600001	164640000	4.87453532564147
chr16	52680001	52720000	7.49433324739376
chr16	53160001	53200000	7.37606620148184
chr18	52920001	52960000	4.37970535755887
chr18	53800001	53840000	7.09239255224142
chr18	54840001	54880000	4.63765722315331
chr18	51800001	51840000	3.08266955638157
chr22	40840001	40880000	5.37361692396746
chr1	167200001	167240000	3.61055995338303
chr5	74280001	74320000	4.1683194632718
chr3	179080001	179120000	5.76907259650192
chr5	74200001	74240000	3.33637962910496
chr6	14520001	14560000	5.97296287040988
chr6	15520001	15560000	3.04933742489843
chr1	166160001	166200000	4.04406059533406
chr1	164840001	164880000	6.05314835792772
chr1	164920001	164960000	3.65151872847965
chr5	74440001	74480000	3.80505518460721
chr16	56840001	56880000	3.83202964665563
chr22	40160001	40200000	3.41324159900784
chr18	55120001	55160000	5.25825537551894
chr1	163120001	163160000	3.27485060261218
chr18	51560001	51600000	4.74010475175537
chr3	181480001	181520000	5.54180180392425
chr5	75320001	75360000	3.56230158734874
chr1	164560001	164600000	10.1542169356628
chr1	164880001	164920000	8.13350932871182
chr18	51480001	51520000	3.15920855001543
chr1	164720001	164760000	10.5021218878503
chr18	51600001	51640000	3.2754089306265
chr18	52040001	52080000	6.76350657322913
